2000 3 5
149.95 121.81 714.54
136.71 984.8 374.61
296.13 745.68 659.6
127.22 447.84 418.26
563.95 456.94 987.49
498.69 724.62 656.79
735.24 225.83 520.18
763.6 337.0 431.09
57.75 396.45 675.22
502.78 43.74 903.48
41.38 408.12 71.64
34.64 531.89 231.86
533.01 906.32 520.43
726.27 224.09 877.04
602.78 408.94 753.41
732.93 891.86 6.47
533.28 629.31 437.69
372.83 126.83 444.81
283.5 667.48 94.56
501.96 971.9 50.01
8.33 122.66 52.03
84.94 539.5 173.87
497.82 772.26 290.39
793.81 700.52 259.51
974.22 731.0 402.52
81.85 447.73 81.89
461.08 864.65 121.6
640.56 99.7 215.77
839.6 652.8 296.26
850.22 208.32 340.26
907.67 459.56 276.26
428.87 534.59 18.69
124.55 670.08 180.4
698.05 410.79 54.74
123.68 48.66 482.29
67.9 26.25 317.26
290.47 656.82 948.95
176.27 194.15 989.59
206.94 211.19 935.44
591.76 592.1 128.62
366.54 298.75 9.04
976.44 530.34 35.16
11.09 200.82 755.3
966.01 255.17 889.23
351.69 330.37 595.02
118.91 332.13 715.15
254.81 705.14 716.93
211.1 454.78 753.05
230.73 828.03 361.23
331.64 452.18 429.82
481.47 775.47 63.54
436.08 157.65 165.16
771.62 706.47 776.13
940.7 605.3 238.76
356.79 610.62 44.44
245.08 641.11 730.24
600.05 87.79 690.11
41.31 697.32 734.28
387.26 909.12 451.42
306.75 944.81 635.55
530.77 323.33 694.01
409.34 787.89 477.29
271.04 952.68 331.26
193.76 169.78 328.6
554.96 257.78 758.74
203.08 272.16 169.83
323.5 537.75 744.0
906.42 315.04 150.5
59.24 809.09 90.69
734.96 380.79 767.99
185.36 281.65 848.03
579.93 134.87 675.1
749.39 973.23 702.87
723.03 752.48 988.81
823.53 378.46 35.66
793.53 117.53 306.04
899.44 232.08 29.12
449.35 637.75 441.46
340.19 844.78 839.58
293.85 10.33 287.44
601.74 205.12 184.73
585.42 753.68 941.46
908.19 681.76 561.3
940.73 315.71 411.44
650.27 205.94 420.81
867.38 750.66 3.02
600.29 483.73 592.53
339.1 878.7 969.31
725.45 239.22 212.58
723.85 302.65 721.75
790.41 428.73 703.72
835.82 372.88 911.73
823.0 97.43 933.13
943.46 263.07 10.42
783.94 566.7 951.22
657.47 500.78 153.59
331.91 468.47 254.77
241.19 813.12 818.85
394.38 105.24 529.98
706.02 664.5 651.98
505.29 678.17 721.57
400.56 962.25 915.47
136.6 704.21 960.53
710.78 286.65 968.4
227.78 666.81 674.16
554.34 126.86 813.89
530.94 916.23 968.0
378.34 890.2 521.33
589.35 555.04 675.21
373.33 887.51 587.86
931.34 902.13 169.62
808.11 175.78 184.13
26.36 742.27 793.4
864.92 807.92 194.45
662.75 870.69 518.41
980.89 832.59 247.05
667.11 274.49 946.04
683.1 889.14 961.3
789.05 66.3 91.6
600.52 504.08 699.24
157.27 669.71 175.16
753.08 131.83 751.33
758.5 379.1 476.86
728.13 96.07 148.64
379.26 45.82 142.43
309.2 616.52 469.88
632.55 137.7 686.6
48.13 662.51 54.37
334.59 570.9 716.17
786.7 30.42 199.92
356.06 72.41 475.55
250.21 917.59 88.57
413.25 930.48 936.85
881.74 73.14 328.03
787.09 812.76 298.87
249.93 255.78 452.03
566.07 767.51 200.87
590.5 154.28 57.0
632.03 994.89 7.3
852.46 210.53 288.1
579.91 433.24 441.54
195.16 418.25 147.99
351.39 726.91 957.37
91.44 55.13 727.89
615.09 179.16 509.49
793.78 546.97 312.63
296.3 584.78 453.62
515.27 900.69 829.65
16.81 747.36 13.98
614.04 403.43 87.4
650.18 558.09 336.4
445.34 31.52 702.85
865.54 358.83 33.76
18.43 229.19 295.54
172.24 127.02 643.22
149.79 534.59 763.88
57.95 385.52 236.73
247.81 166.57 0.14
932.89 978.84 380.85
1.41 986.74 192.04
423.6 258.74 712.64
454.22 121.56 741.32
576.76 978.99 581.19
540.93 774.7 459.75
464.49 986.18 650.21
996.71 818.83 460.89
556.58 792.09 647.01
258.87 952.01 486.28
404.12 432.73 733.6
71.06 696.25 929.07
600.68 753.78 852.89
296.59 301.16 544.81
649.05 116.31 273.33
830.09 333.69 396.1
837.05 202.49 235.8
474.96 165.32 603.7
616.55 615.49 43.63
53.39 586.98 740.39
258.69 869.49 596.16
869.46 911.77 604.13
106.81 2.13 147.87
569.34 695.93 34.17
57.97 524.39 192.61
480.91 595.64 539.79
716.72 755.46 107.03
828.14 833.47 870.56
818.85 867.21 924.22
486.73 198.7 928.59
105.92 961.61 953.71
967.13 281.41 211.44
685.08 282.82 853.83
126.16 946.92 595.72
577.18 912.42 76.4
605.16 345.2 152.41
158.49 533.34 235.82
74.9 83.37 564.56
380.06 255.54 572.08
981.45 852.94 954.46
0.74 872.82 724.58
350.01 72.58 432.51
260.22 484.26 713.87
806.57 156.38 638.87
775.17 444.18 400.79
961.55 401.77 718.45
907.54 32.75 317.05
844.27 650.79 560.13
891.58 88.52 738.78
85.03 806.07 871.93
755.93 274.82 396.68
957.71 990.74 408.08
154.9 834.08 203.48
125.51 83.68 92.9
632.35 927.92 840.75
447.45 612.38 641.86
385.61 436.72 374.47
774.99 341.84 609.95
481.39 131.2 685.23
266.25 954.39 973.97
151.3 951.91 106.87
148.6 579.88 969.62
231.03 737.12 677.34
268.09 799.49 350.46
833.72 301.68 821.05
309.5 428.17 503.44
937.94 237.64 312.67
318.69 6.7 66.37
828.97 606.16 133.45
252.73 415.45 187.34
551.15 272.94 102.76
747.66 596.5 442.29
738.06 129.59 337.72
385.04 118.95 112.89
6.9 576.0 674.14
741.05 848.46 779.72
470.14 379.88 840.06
52.19 922.11 201.33
633.99 79.32 305.91
663.7 893.32 264.62
417.52 124.3 317.25
822.08 667.16 101.84
137.09 871.0 25.03
947.39 378.7 462.91
645.91 635.66 64.64
126.93 162.39 169.97
190.49 386.44 356.28
532.14 514.5 775.02
523.48 313.86 582.95
962.9 385.07 554.11
874.19 139.57 427.49
28.0 735.61 994.52
893.23 769.77 131.63
860.68 3.06 84.49
322.47 613.81 857.11
572.33 629.09 829.38
723.16 670.55 342.62
51.52 482.47 158.27
73.33 285.72 323.93
564.23 607.04 29.1
339.35 82.11 699.68
31.25 506.55 769.9
933.21 46.4 993.31
458.26 538.13 987.28
508.75 320.96 665.65
318.6 501.82 631.06
922.21 750.98 620.18
473.08 533.4 104.45
40.96 450.06 887.76
186.19 989.21 373.87
86.52 731.2 452.35
536.49 345.7 37.44
115.0 280.52 822.54
838.59 451.79 692.5
741.07 508.7 365.63
847.43 829.12 609.03
275.89 126.27 344.91
656.26 130.24 625.77
92.9 66.04 271.32
848.54 856.77 4.06
467.76 760.55 809.86
374.39 440.31 936.59
72.91 816.85 617.17
803.93 79.17 539.56
323.5 283.78 23.12
118.91 67.6 576.15
474.59 523.04 838.27
707.59 529.69 451.32
296.28 992.37 70.92
595.56 621.56 635.76
947.32 245.56 267.62
884.56 609.24 672.85
975.45 552.69 9.52
585.47 27.0 646.89
55.58 587.15 755.54
102.1 936.98 844.25
17.18 928.19 801.7
609.3 948.68 448.3
789.14 993.56 524.21
451.17 349.14 556.59
222.75 390.74 483.88
818.58 340.58 481.61
22.67 571.64 277.89
350.63 614.33 916.61
167.5 382.69 131.53
564.15 232.55 449.41
758.91 678.31 924.31
667.47 959.94 187.23
795.25 474.72 585.12
47.45 986.74 63.15
796.14 66.2 4.68
538.77 632.88 289.25
855.72 14.5 23.74
610.38 924.9 275.28
148.8 641.53 254.68
55.01 4.65 342.27
797.38 287.99 368.58
965.5 637.8 568.74
442.45 797.38 810.46
823.3 905.93 206.78
865.08 277.29 641.99
621.15 774.0 32.56
567.3 600.57 815.16
466.61 974.2 320.65
732.53 95.86 20.5
458.34 541.18 310.32
558.76 244.52 117.8
240.91 810.62 604.48
696.0 168.5 162.01
746.91 350.8 198.17
314.63 481.31 550.14
703.89 842.25 121.66
683.05 64.14 531.84
748.17 184.5 472.2
294.46 771.95 884.17
701.95 29.34 530.76
200.63 533.56 203.43
509.13 132.2 32.34
839.12 651.38 279.68
737.95 909.22 691.83
287.39 390.16 548.25
820.54 426.15 535.8
388.83 173.14 561.13
791.66 478.38 756.47
867.88 833.55 148.11
293.93 188.4 714.37
982.14 784.23 577.3
576.37 438.48 45.64
179.77 275.75 387.3
115.93 967.85 141.12
595.98 478.66 835.85
867.87 897.64 241.61
943.88 615.07 906.9
615.47 445.84 770.64
202.42 312.85 404.79
120.46 753.14 61.25
450.15 676.91 537.05
201.35 357.14 716.35
655.93 876.48 479.14
825.07 19.5 129.56
494.79 465.91 542.52
959.66 511.4 279.82
670.88 791.64 178.49
304.54 448.94 171.02
318.93 9.65 186.64
350.53 118.54 935.48
791.75 532.34 663.08
442.3 368.13 897.9
2.25 307.95 866.48
802.83 642.18 343.54
276.44 525.19 324.94
789.54 963.93 96.95
655.57 320.91 663.49
375.83 592.67 803.0
763.5 454.23 694.4
996.61 528.67 750.74
622.43 16.38 924.76
54.48 306.02 177.25
549.2 573.54 902.67
717.38 233.85 118.69
490.72 382.52 986.66
861.44 259.93 814.23
441.17 767.32 837.48
74.02 781.59 462.53
315.67 969.43 522.98
799.81 584.56 923.12
842.6 981.56 947.69
364.66 766.82 822.28
795.95 437.13 237.88
732.75 185.68 325.05
179.79 184.36 206.19
807.05 935.65 499.59
384.46 123.11 502.23
888.3 727.67 882.22
581.38 46.33 657.52
313.17 897.2 138.2
869.29 300.57 98.98
815.3 174.48 58.77
877.33 375.81 863.16
392.83 251.7 994.41
732.09 926.89 600.96
725.05 695.53 162.77
814.4 115.89 839.66
991.71 18.55 443.16
808.64 218.84 753.11
652.31 640.46 213.22
665.34 246.01 453.35
178.83 125.09 557.43
536.58 274.61 468.6
322.89 341.37 807.14
511.25 130.98 711.88
607.64 345.4 531.13
258.67 125.0 181.63
896.64 93.39 200.83
839.89 782.36 91.09
695.85 646.44 895.3
379.09 389.1 147.61
647.64 795.95 951.7
358.22 481.83 880.04
795.5 870.34 194.04
838.97 662.26 953.5
728.19 819.51 383.32
856.25 440.12 27.72
485.73 370.04 71.94
286.48 610.25 649.75
236.32 35.51 935.27
657.57 616.08 197.13
647.9 349.63 538.1
685.69 125.47 390.74
468.47 691.37 171.37
389.86 721.41 739.54
509.78 488.45 752.29
644.49 730.33 198.3
971.56 419.2 628.88
685.69 831.92 88.83
359.48 370.85 98.29
829.16 791.39 55.97
536.67 958.77 653.46
98.28 955.67 542.71
400.52 821.33 114.97
321.39 64.39 228.18
73.33 519.19 500.33
883.58 66.78 537.37
393.09 52.87 987.56
169.49 735.68 50.81
523.43 372.54 907.93
779.22 890.68 158.79
465.23 471.57 846.97
47.36 894.24 843.55
447.96 582.17 746.36
566.14 505.97 216.98
159.63 901.48 435.23
182.5 213.92 842.22
228.71 950.7 821.58
98.6 41.19 726.02
428.65 950.53 855.68
130.96 734.14 720.03
888.6 983.09 463.18
905.12 895.84 433.67
226.11 586.81 430.29
488.02 514.06 114.89
295.75 804.47 950.6
289.13 853.23 364.07
738.79 624.96 322.01
377.98 160.25 73.93
646.49 277.59 55.28
815.18 632.4 380.57
684.74 971.73 296.75
501.87 570.55 533.56
928.85 789.76 471.5
295.67 613.29 186.58
233.66 606.6 49.9
530.46 658.41 678.93
348.87 372.81 420.67
667.22 574.9 491.98
925.17 307.1 746.76
529.95 565.32 122.66
537.69 575.02 842.57
123.95 165.34 216.2
741.83 559.71 752.4
8.17 485.28 543.59
499.89 71.37 484.12
974.03 84.63 391.53
853.41 33.1 495.4
333.42 348.73 554.85
47.54 809.42 527.88
418.83 471.91 108.96
821.07 830.45 855.4
495.02 580.18 816.13
915.1 483.42 78.34
701.52 978.52 619.45
313.4 771.4 96.98
20.47 96.01 175.12
366.79 373.94 856.05
729.44 528.81 246.48
790.72 319.69 757.92
983.21 304.92 665.54
236.62 719.27 151.67
378.22 176.94 626.74
779.95 42.02 103.67
164.84 415.26 20.02
310.98 571.39 956.17
136.32 639.06 754.37
622.0 418.95 877.78
442.43 476.53 202.68
626.47 435.11 48.6
595.01 563.13 127.8
565.41 360.46 605.34
306.7 140.02 513.3
907.57 539.01 746.11
225.16 900.65 516.9
666.85 610.33 821.76
977.13 13.05 305.21
339.91 407.76 481.99
455.47 621.85 175.34
370.28 862.17 291.34
543.85 232.64 538.49
652.77 221.39 895.96
387.97 771.53 862.61
290.8 385.01 468.07
177.65 384.09 13.61
98.65 186.74 370.06
37.28 448.23 795.97
998.9 578.16 213.47
777.52 551.84 205.46
686.22 765.15 806.81
855.8 240.18 900.5
397.25 272.05 231.79
145.14 100.95 309.72
832.76 768.93 657.68
470.22 64.68 537.77
821.92 854.72 386.67
6.08 858.23 237.16
368.8 527.83 587.16
78.67 453.03 514.7
890.05 15.54 780.89
580.77 915.92 574.03
632.97 671.66 393.87
258.35 241.99 651.93
428.58 65.08 745.24
890.97 337.01 636.07
451.0 678.11 121.86
107.75 765.54 917.45
529.63 278.35 983.21
426.25 682.21 647.92
730.82 61.48 911.0
252.65 618.19 460.77
950.91 244.39 756.53
234.27 202.43 631.27
307.21 744.42 738.22
358.54 452.74 786.97
971.79 622.65 888.74
433.79 381.02 380.16
893.69 39.85 907.36
172.35 535.74 748.57
247.49 235.47 329.14
301.12 577.24 154.32
178.82 145.55 342.0
139.53 206.41 986.8
319.17 423.96 184.96
882.59 301.67 403.25
956.94 395.56 611.54
658.22 977.3 866.32
785.87 297.65 48.52
322.19 34.07 765.28
728.1 805.3 979.78
751.12 569.67 903.66
992.84 341.57 294.8
979.54 536.11 159.63
378.43 77.41 310.57
942.92 833.81 232.05
657.56 761.14 784.51
563.76 407.21 900.07
905.07 64.55 771.87
47.08 779.46 622.59
56.29 494.48 356.84
666.24 25.1 384.37
206.36 972.95 877.15
370.32 741.41 179.09
179.02 759.13 179.91
132.99 646.25 515.06
23.88 535.49 467.35
665.7 155.96 169.8
965.21 869.96 844.92
839.64 545.45 693.47
114.7 700.8 498.56
830.92 654.84 990.27
200.95 206.49 92.3
466.51 858.21 106.83
639.91 307.32 452.86
475.9 990.89 164.26
102.35 664.65 770.16
679.18 883.37 738.51
758.2 753.55 426.78
776.62 37.84 634.29
560.47 175.31 526.05
332.66 175.06 520.74
439.55 440.18 916.79
829.76 748.31 820.96
121.34 210.92 476.16
285.19 939.84 421.8
721.88 416.96 582.26
210.97 755.21 194.81
413.73 210.4 965.85
826.84 825.5 693.1
579.61 555.1 587.07
860.59 543.64 171.11
377.71 533.16 383.07
877.35 110.24 556.52
439.05 26.0 139.67
966.13 329.69 225.04
181.72 903.29 600.5
471.87 323.64 336.72
165.73 294.28 572.7
324.13 190.29 408.27
293.12 541.09 625.82
810.35 725.95 85.87
989.03 377.52 566.13
886.95 370.34 460.45
963.58 235.26 310.49
181.28 235.32 230.05
319.37 259.63 200.38
653.16 145.91 359.96
214.68 179.69 177.84
37.94 387.29 538.02
17.11 948.05 8.73
228.69 526.15 21.33
626.32 916.53 366.36
526.73 233.18 495.68
186.52 691.13 913.98
721.98 665.27 86.19
861.47 898.11 871.85
225.57 93.11 877.15
632.98 753.18 205.62
394.43 388.64 608.83
904.55 958.17 115.53
863.37 805.6 183.94
198.57 38.48 49.25
738.35 937.62 622.62
638.92 491.38 643.09
472.25 113.36 272.03
977.96 261.05 685.19
567.69 331.45 8.2
852.76 947.8 516.86
565.94 992.0 178.1
692.47 943.0 395.68
836.11 35.69 914.7
874.73 481.34 729.71
376.53 501.43 734.88
97.52 53.74 758.02
169.31 385.2 626.68
394.71 838.22 98.07
942.83 774.12 207.01
679.57 30.19 710.74
252.15 227.59 179.78
781.7 355.97 857.72
110.83 635.14 603.49
590.45 980.09 709.32
63.67 616.8 151.06
114.46 198.78 892.16
106.29 46.66 112.42
60.69 105.14 75.01
321.91 166.5 434.44
270.62 995.96 728.6
358.02 219.43 114.19
220.67 783.23 413.8
289.35 975.5 908.36
948.19 936.13 403.72
910.53 567.15 455.91
500.67 453.78 594.96
565.76 327.36 170.13
506.31 56.57 851.68
991.9 611.17 30.57
79.12 688.67 976.91
460.38 559.12 539.97
125.98 382.11 725.25
677.44 116.68 216.99
219.98 155.26 381.36
219.95 737.79 330.23
405.75 272.17 715.85
128.13 493.86 48.13
513.8 337.26 973.12
715.31 441.91 180.53
650.52 639.2 860.46
615.61 281.65 845.7
680.99 309.87 231.64
718.79 262.16 536.61
654.6 362.24 450.58
159.95 184.1 176.67
548.69 2.13 739.57
892.95 974.95 310.21
577.92 75.27 997.33
874.76 378.87 242.51
914.02 606.34 547.57
297.23 337.33 314.96
257.86 451.85 366.17
239.22 766.44 345.35
432.92 611.11 152.41
840.07 616.71 982.95
397.41 262.01 861.68
553.02 255.34 534.55
333.83 565.75 391.15
509.65 255.44 353.1
284.68 820.25 698.74
829.15 720.01 754.34
36.33 632.31 194.16
840.06 118.57 617.36
515.72 998.96 796.58
808.42 823.96 497.01
589.17 58.15 494.42
572.48 553.7 526.63
176.78 261.65 877.16
334.75 379.27 17.74
735.39 630.97 992.27
893.26 616.63 850.77
416.62 297.69 708.84
754.55 748.41 312.16
674.5 582.69 483.23
339.11 907.41 956.21
414.49 190.29 864.97
668.42 567.95 284.11
789.78 709.78 58.18
364.77 69.37 555.23
785.63 140.06 672.69
585.13 570.09 747.78
842.52 625.97 283.25
692.21 592.8 934.84
740.5 68.22 623.79
410.81 707.4 193.02
676.14 557.62 762.3
947.0 676.0 454.85
459.86 998.71 28.95
587.21 2.78 840.16
362.51 446.63 411.0
626.04 72.73 500.64
324.73 614.32 778.28
169.81 945.77 486.5
686.55 251.2 190.9
784.08 687.46 599.4
984.8 697.79 906.1
189.87 815.73 421.79
856.54 122.61 935.35
547.11 16.56 642.8
17.44 88.3 237.62
51.66 542.71 260.23
134.13 831.2 681.26
184.27 425.26 417.8
183.36 130.48 837.64
276.91 408.2 390.1
778.27 383.39 421.05
822.14 400.27 9.47
212.78 34.15 755.6
255.65 422.89 114.91
643.31 146.25 349.62
262.42 455.42 326.29
281.15 731.43 439.87
220.95 113.51 123.42
905.02 430.37 566.66
440.21 938.01 204.09
39.96 144.1 212.88
431.81 218.65 109.39
524.13 430.45 5.08
825.6 981.52 553.59
122.26 54.85 510.81
538.25 1.38 470.35
377.86 771.0 100.48
763.59 618.42 339.72
377.69 26.25 953.05
599.21 31.08 124.68
986.38 193.7 852.13
59.99 422.16 681.61
217.42 978.84 404.44
737.49 974.3 406.85
897.58 816.4 901.97
407.39 879.06 528.86
848.24 179.47 624.65
950.98 697.65 38.88
278.26 523.02 863.59
187.66 158.15 942.02
927.97 769.66 149.56
771.93 410.96 408.2
956.03 970.88 599.91
251.01 750.33 858.16
841.56 475.14 359.99
771.19 987.41 704.68
162.57 193.62 582.19
35.39 544.32 47.15
868.18 462.66 287.37
350.58 323.73 788.11
461.08 824.82 991.27
862.86 174.24 773.93
306.97 402.27 152.58
845.53 496.57 63.92
473.83 640.13 919.81
82.24 149.84 222.73
271.99 447.08 850.29
314.15 654.34 594.18
134.6 688.63 868.92
331.39 892.7 790.86
527.91 521.5 54.75
117.62 32.13 584.54
247.62 975.98 983.47
621.05 831.01 754.59
269.23 176.52 821.06
490.48 985.8 618.23
699.34 24.19 602.96
720.21 752.31 689.42
429.56 311.74 771.9
168.32 713.91 956.16
513.22 580.6 262.17
217.17 455.9 254.15
878.15 405.98 495.08
336.38 390.28 983.11
459.56 285.83 545.67
512.38 858.04 72.63
539.46 345.57 546.18
166.6 161.08 931.59
875.25 314.89 632.41
884.76 914.13 474.47
984.71 30.9 961.3
449.53 894.81 798.1
856.86 949.62 460.23
317.82 386.19 575.73
379.91 939.24 366.05
223.2 692.64 912.38
195.58 399.7 989.03
265.48 448.54 535.95
719.86 175.62 128.64
931.48 781.62 328.44
315.3 413.85 901.84
665.94 821.93 256.85
868.17 316.58 352.95
456.78 913.4 631.98
133.39 160.18 509.96
714.55 803.74 628.2
416.16 928.9 602.61
138.71 166.48 510.23
505.63 213.29 399.03
208.67 180.52 23.36
120.39 344.69 780.44
595.37 951.35 133.43
397.01 545.92 865.1
478.68 973.37 404.98
588.48 25.35 747.77
396.44 269.15 994.05
884.15 175.82 176.46
891.46 369.88 995.73
802.9 319.68 312.39
241.76 357.03 992.38
771.89 337.31 563.75
408.14 521.71 443.22
498.08 388.66 913.61
624.81 678.25 900.46
272.88 1.36 583.08
790.34 939.83 918.11
284.24 458.78 131.47
387.3 216.25 718.17
130.35 485.24 315.85
130.93 501.22 245.89
337.88 942.21 486.38
875.32 783.75 199.98
252.79 43.17 533.42
482.51 991.41 221.71
346.7 82.55 528.42
416.57 846.91 335.14
1.94 205.62 244.79
710.68 341.6 0.08
792.77 977.61 723.43
826.86 359.0 285.17
418.99 823.84 420.76
179.98 817.93 444.43
546.71 629.12 81.71
414.19 810.33 425.29
987.17 598.82 61.54
477.1 284.7 385.69
102.1 92.35 669.13
662.36 395.46 738.42
536.86 724.64 364.21
780.18 683.72 892.28
855.89 934.21 147.24
871.09 665.55 53.67
331.27 370.72 704.48
487.39 180.9 587.68
255.44 34.07 563.32
159.45 213.19 482.54
706.3 825.31 262.44
749.98 387.62 743.78
717.83 703.93 435.97
158.78 865.78 969.61
540.72 982.97 566.77
271.99 555.48 371.59
954.88 562.63 556.19
991.06 899.1 480.34
592.11 321.63 389.4
398.29 32.16 10.08
501.11 140.67 912.95
215.51 703.39 972.64
806.22 18.62 543.39
907.67 339.37 242.93
198.66 270.41 844.75
422.13 807.28 118.64
45.44 795.36 262.67
629.26 237.25 390.13
775.78 958.1 267.49
571.02 715.65 523.5
991.0 866.06 121.55
797.19 579.02 728.35
741.69 243.91 766.36
433.93 760.33 381.96
74.2 37.33 82.71
231.16 794.01 799.99
132.28 52.03 751.97
802.93 703.89 574.52
628.95 205.99 638.35
410.89 881.12 345.02
92.18 448.25 816.68
414.33 545.92 898.96
593.79 646.45 603.61
440.77 777.84 372.61
161.21 143.6 416.09
467.56 744.56 393.6
460.2 678.51 841.45
281.51 426.88 1.95
86.24 391.4 310.1
162.39 810.24 288.45
688.88 260.49 454.83
886.98 5.92 893.28
86.58 101.16 540.22
350.24 97.49 745.33
216.47 265.22 8.53
322.05 841.07 638.16
528.93 186.25 152.87
880.67 645.73 381.73
851.64 243.25 936.17
361.48 406.74 941.42
578.91 275.16 444.91
448.27 292.76 345.58
563.46 850.17 977.05
691.02 6.06 304.09
692.38 732.18 550.99
160.3 727.39 662.32
407.38 739.69 228.1
799.82 396.5 649.57
611.98 643.64 162.27
586.95 848.05 31.65
806.01 307.68 124.01
701.57 772.55 671.9
179.37 401.71 533.45
681.46 687.9 981.8
992.88 810.82 722.78
532.84 718.43 533.41
640.17 560.86 198.36
613.37 475.34 849.57
736.82 521.83 480.83
473.55 229.61 314.84
842.41 599.15 698.91
540.93 147.39 924.25
666.39 490.02 995.31
591.8 149.79 205.39
896.02 86.83 786.01
337.64 237.31 641.67
415.67 338.88 954.29
496.03 22.31 959.54
33.19 948.0 989.2
383.27 331.21 804.2
993.55 840.18 783.8
851.63 519.61 4.34
998.63 433.84 134.59
799.56 399.59 292.14
358.83 154.43 124.09
609.55 287.71 321.45
272.07 595.0 689.52
472.39 233.58 192.08
979.82 890.28 556.44
441.48 504.96 29.4
620.14 22.19 427.06
478.53 971.57 664.98
350.16 722.78 320.27
112.37 851.49 429.57
974.82 291.82 341.07
402.04 884.04 735.59
605.82 301.95 425.35
70.54 602.53 646.7
816.88 699.76 762.95
810.71 22.61 500.35
43.05 470.54 557.04
612.76 959.01 504.47
760.32 998.71 819.24
115.6 750.19 954.92
406.67 57.51 894.22
28.24 695.52 847.69
743.77 256.63 624.82
853.27 516.05 14.19
213.54 58.15 182.25
182.46 455.33 550.02
420.95 455.03 276.24
257.48 173.31 357.01
838.42 190.24 793.43
409.48 826.37 686.06
309.92 686.52 284.64
225.9 824.91 769.12
60.25 465.29 162.31
612.37 33.8 847.46
711.01 85.42 190.77
265.62 791.23 151.75
538.09 647.12 415.21
472.55 527.15 44.76
977.27 496.36 553.23
606.82 280.04 71.93
498.44 318.46 742.75
13.13 757.47 641.51
611.75 569.51 396.93
641.08 464.43 911.47
55.27 663.07 18.47
247.39 107.95 487.73
963.01 428.26 26.03
125.95 173.6 136.17
53.98 656.86 177.24
903.24 410.44 955.11
14.46 337.06 695.88
428.39 148.92 892.5
57.26 640.17 356.03
161.4 93.9 471.43
746.81 994.0 386.15
242.55 715.32 747.83
10.88 225.03 857.69
335.76 43.76 404.66
592.38 288.24 46.23
475.83 147.47 453.9
710.2 915.71 957.73
773.63 867.74 585.86
115.07 842.48 77.07
144.15 92.62 43.56
830.93 710.09 306.98
413.38 110.58 302.45
632.34 647.78 687.91
486.01 311.36 261.15
267.87 871.69 45.52
98.63 130.96 221.1
8.09 323.97 427.01
666.7 561.24 987.5
423.21 635.52 751.7
528.89 365.63 793.4
499.18 269.81 249.48
980.21 931.85 177.53
641.93 345.21 492.08
986.16 539.85 269.58
336.51 395.7 43.5
710.64 161.84 869.34
685.36 824.28 102.26
610.5 184.78 204.89
510.3 464.65 601.82
462.41 294.49 130.9
95.56 880.45 457.05
524.47 804.43 966.23
917.39 765.42 634.68
100.15 382.0 647.54
515.43 339.21 704.1
389.34 96.84 623.51
782.73 684.07 891.48
886.03 211.16 799.36
130.38 596.97 281.71
532.46 853.63 112.2
65.66 691.09 73.16
642.01 902.35 574.06
280.63 66.94 769.55
758.53 497.44 232.65
149.42 335.87 153.64
452.96 143.39 913.05
822.23 941.35 553.35
785.51 45.21 119.79
60.58 688.73 933.14
616.55 523.82 6.98
89.54 659.74 237.43
682.05 135.07 267.16
705.51 55.82 767.31
316.03 211.92 105.37
711.8 456.22 318.91
494.15 188.43 719.71
478.91 638.05 337.01
883.2 941.99 812.45
870.88 356.04 694.3
443.77 562.83 215.62
730.95 927.03 888.08
563.54 261.5 45.31
800.01 225.26 423.42
765.87 300.64 5.53
645.48 249.41 690.27
988.3 439.65 123.11
255.5 615.17 474.35
584.06 91.5 268.26
41.18 997.93 726.85
18.36 104.29 105.64
671.08 93.29 845.63
929.78 51.42 574.85
579.48 639.63 763.31
943.34 771.71 602.66
900.18 169.52 479.79
247.59 680.86 530.81
445.04 385.55 227.75
709.66 962.19 483.67
571.86 739.95 741.98
591.37 734.13 975.41
461.16 598.23 539.23
393.87 11.84 543.89
921.6 862.11 172.05
496.33 544.8 347.25
689.17 103.63 656.21
711.7 544.96 986.99
408.19 910.48 472.24
863.23 23.53 43.86
234.25 52.25 733.51
161.65 227.55 774.99
986.55 690.19 727.69
181.01 69.21 575.32
731.06 927.61 486.66
467.21 734.17 808.89
93.17 306.48 927.44
725.37 370.5 588.55
639.97 278.87 121.3
130.0 685.8 903.94
327.45 114.75 323.72
322.13 993.12 326.23
453.93 300.82 209.74
424.53 260.89 306.4
799.95 115.92 219.14
428.89 340.15 732.11
412.46 411.2 591.56
24.59 673.53 916.62
468.25 234.31 706.76
275.53 590.73 238.07
703.85 614.93 206.12
644.22 23.62 157.13
490.88 359.78 123.11
122.25 768.99 213.63
686.98 566.72 678.24
753.1 958.58 936.53
181.12 78.34 60.13
736.4 750.29 11.25
871.32 265.82 994.52
89.81 369.59 274.79
742.29 229.57 630.09
322.56 34.53 760.31
550.4 873.33 858.65
212.82 228.82 965.68
468.88 21.7 861.52
235.15 459.75 579.32
437.31 450.16 876.4
132.86 78.88 48.08
655.33 557.05 152.03
957.21 660.21 336.8
870.02 331.98 180.12
693.49 439.09 891.9
242.1 838.1 700.79
734.01 531.8 851.16
6.04 94.12 841.82
37.69 558.64 131.25
980.06 597.41 5.37
333.6 942.74 296.11
278.33 492.99 505.46
211.6 44.21 566.57
125.48 261.25 581.57
667.12 23.53 168.51
353.5 170.75 566.68
877.7 378.15 475.17
690.92 616.61 201.72
928.76 252.71 670.34
262.31 920.83 422.99
107.59 165.4 617.51
776.55 451.55 29.39
696.54 242.36 308.74
378.01 127.31 616.67
716.37 158.85 421.73
208.39 285.89 542.7
831.03 100.45 897.75
459.48 109.81 310.41
188.49 130.58 305.59
257.56 262.8 321.35
738.01 803.53 356.81
190.9 18.72 675.69
689.44 654.17 364.53
28.77 703.46 590.07
33.1 237.86 495.9
235.36 398.01 374.47
83.65 440.01 430.44
414.26 105.16 890.33
80.25 780.69 599.73
51.34 659.35 130.05
280.34 258.65 254.64
989.35 513.79 153.02
71.07 369.81 94.74
936.64 824.89 378.83
604.33 508.32 856.18
464.24 305.37 792.89
22.41 166.44 442.19
853.23 684.1 186.42
398.59 883.66 153.93
280.08 817.61 317.36
984.49 52.24 131.5
77.88 215.22 766.44
836.96 926.04 666.41
396.47 704.04 861.73
841.98 53.23 213.68
982.71 225.11 772.03
845.08 740.43 325.49
656.24 763.84 478.64
98.38 364.35 88.94
1.21 390.7 491.42
358.89 320.86 701.09
417.61 744.09 142.51
574.51 160.28 475.11
952.59 594.68 375.98
198.43 968.41 551.23
551.43 79.17 195.91
332.02 966.06 148.99
40.24 686.79 540.62
294.32 993.68 859.34
794.44 387.49 267.4
961.64 590.22 216.3
513.77 13.96 624.83
123.27 841.4 386.17
359.47 319.25 90.63
307.79 103.07 479.51
529.53 203.4 105.12
416.87 244.4 853.9
331.33 715.81 26.79
72.8 358.71 637.7
81.84 667.2 653.68
960.7 846.96 40.29
627.89 328.16 34.08
200.63 605.3 387.52
555.31 889.12 264.83
9.88 87.55 856.18
557.29 359.49 664.33
22.3 615.12 177.55
499.97 568.36 576.51
927.38 144.94 252.6
718.88 788.76 436.23
801.59 691.73 997.47
51.75 408.71 160.49
53.56 279.23 759.26
378.85 430.1 91.46
673.87 716.03 658.72
931.2 637.72 971.98
998.32 334.11 574.33
160.74 922.35 787.72
972.16 558.95 906.99
448.49 824.07 182.29
5.26 149.71 613.59
695.07 829.07 794.96
141.28 793.63 478.15
767.69 773.28 299.34
740.4 34.28 661.36
138.71 338.82 438.66
79.26 730.23 157.24
752.73 768.78 723.5
545.18 231.22 31.73
687.89 361.71 551.18
490.14 820.7 65.19
406.45 198.8 604.05
508.54 509.19 651.3
750.54 62.93 487.7
911.36 986.71 505.56
964.69 591.65 964.59
12.89 504.4 850.77
459.98 521.76 467.81
127.8 494.16 249.19
268.01 95.06 862.41
780.22 995.68 232.19
962.68 966.89 846.69
121.42 190.24 61.53
628.95 402.44 918.55
684.99 239.17 912.75
381.39 272.3 252.36
687.17 829.58 904.37
647.42 367.67 628.32
446.58 565.26 993.2
147.16 630.46 420.17
144.97 851.8 60.99
921.74 843.8 336.63
574.68 529.14 447.61
252.29 13.28 374.82
571.9 676.68 735.0
672.17 791.09 707.75
305.85 280.11 381.55
525.69 974.74 316.58
809.99 661.6 54.61
378.84 764.84 56.22
108.05 934.55 260.57
694.53 936.12 145.51
376.11 774.2 478.42
541.61 565.59 810.84
702.0 564.05 715.77
905.83 846.64 504.45
248.59 331.93 473.64
795.7 995.27 215.55
909.39 333.76 353.08
264.49 682.94 919.54
736.88 32.47 516.68
698.36 36.02 333.7
746.53 264.36 543.9
469.46 802.95 817.66
111.29 122.4 20.9
446.96 77.05 77.82
500.23 257.03 225.55
734.42 217.57 194.52
167.67 992.24 798.59
177.54 881.11 232.08
370.83 509.32 25.32
206.26 138.57 156.05
263.49 720.93 943.2
875.07 521.37 125.07
136.57 543.86 302.1
935.62 726.54 177.96
886.12 141.78 218.52
306.71 218.73 14.12
685.7 21.24 822.38
169.47 742.7 428.31
493.11 571.55 579.11
80.81 385.51 810.77
909.36 575.8 179.02
653.26 29.8 506.23
597.61 851.92 598.0
205.3 341.45 516.13
187.26 29.05 412.16
205.47 170.74 201.91
986.38 699.05 210.22
966.21 1.22 388.4
456.56 99.91 117.52
517.93 796.85 862.63
678.79 1.91 740.61
547.28 423.55 249.21
113.06 764.77 188.31
733.81 92.56 324.08
623.11 109.26 748.39
705.88 839.77 974.43
273.1 781.7 231.62
998.94 384.76 491.91
467.44 661.2 936.36
444.75 1.46 289.16
645.06 790.96 13.67
280.13 263.2 427.34
624.65 433.42 963.88
271.24 916.49 649.85
553.63 512.62 327.7
144.59 156.15 761.22
504.88 74.49 108.7
590.02 292.46 642.73
325.73 793.11 998.06
990.66 506.85 24.37
278.68 890.64 957.86
464.88 981.47 683.87
57.56 672.17 345.27
691.07 182.47 970.52
422.8 597.92 794.0
766.32 332.44 238.26
590.82 408.29 44.7
145.12 85.42 499.2
130.16 334.27 71.98
13.03 343.85 571.98
185.86 754.68 352.51
831.33 509.55 869.77
146.58 867.09 247.1
701.8 252.8 301.88
842.84 870.49 706.98
410.26 113.04 186.92
417.96 768.26 989.3
697.6 89.99 527.98
605.88 716.76 789.58
797.69 45.66 758.92
542.19 832.13 445.0
335.99 891.71 712.57
549.1 768.64 868.46
961.17 785.94 759.02
295.02 748.69 507.0
578.61 554.83 413.88
415.55 458.09 19.43
71.85 899.37 227.72
640.09 619.84 479.73
326.38 616.02 73.72
505.17 607.91 853.79
355.59 942.05 6.3
692.15 439.92 814.78
133.12 612.87 372.47
353.26 473.72 69.53
555.67 734.94 729.33
271.44 92.15 353.62
220.81 619.25 509.98
734.05 835.67 899.83
934.31 263.99 605.17
808.68 248.33 650.42
901.38 870.12 880.72
316.31 446.61 818.94
239.78 372.39 767.29
229.58 432.56 6.36
726.9 613.27 490.91
107.88 687.52 826.21
987.23 132.38 474.46
762.88 317.01 965.77
881.02 934.11 358.36
414.91 676.36 283.63
950.72 391.51 85.91
633.0 385.37 674.32
345.48 533.21 988.43
293.08 708.84 12.08
245.98 460.11 99.89
938.85 502.36 162.91
649.54 255.37 594.71
585.81 341.47 926.0
580.76 779.71 654.15
630.58 885.16 755.95
577.3 795.74 747.48
758.67 336.37 590.73
132.68 328.34 142.62
159.27 329.18 839.14
2.06 228.89 210.01
73.86 911.96 50.28
406.16 747.86 280.61
241.24 735.52 49.52
625.57 283.57 293.68
188.08 514.29 2.99
902.19 922.15 814.79
511.94 440.91 944.52
88.15 631.53 312.69
24.01 665.11 649.64
963.16 187.08 198.29
731.88 787.47 989.66
677.36 980.89 236.31
679.61 95.56 374.33
898.94 58.58 426.61
664.98 614.03 378.13
806.45 416.81 538.83
714.52 656.51 368.91
880.88 108.62 973.37
189.45 933.63 286.17
413.05 629.38 351.1
168.02 402.51 303.64
77.44 635.21 607.04
371.94 182.47 4.51
177.0 387.05 957.05
411.01 23.76 718.14
33.2 99.76 325.78
476.39 487.27 230.39
478.39 146.56 893.96
746.92 805.31 593.6
7.45 588.14 934.32
386.58 200.09 812.69
463.24 974.12 887.22
251.66 61.01 408.71
480.04 100.41 548.61
412.43 623.77 83.61
267.6 328.02 215.47
998.47 669.14 969.87
717.32 243.66 0.22
408.29 694.82 244.3
581.79 682.45 547.11
971.09 783.46 599.88
770.2 905.53 180.04
132.15 285.04 63.84
713.36 78.2 481.9
701.06 489.31 599.42
887.02 62.95 960.34
830.75 681.05 514.09
73.73 460.76 746.34
350.22 284.3 503.95
619.28 426.83 823.43
256.49 17.11 157.38
13.8 233.1 72.69
162.16 386.56 296.13
574.86 650.65 639.68
827.51 933.05 781.77
416.46 534.06 338.91
815.97 856.25 360.52
202.36 468.08 435.28
220.41 173.64 447.48
190.86 203.65 95.57
148.65 331.39 894.8
550.55 155.07 533.06
487.36 377.86 162.8
240.68 563.55 94.62
872.87 306.63 950.54
14.32 971.51 405.91
851.15 809.25 662.7
4.87 991.79 935.82
902.84 41.3 902.72
432.08 694.83 575.13
7.21 358.83 216.23
380.02 689.54 572.08
232.67 539.43 502.24
413.03 380.98 733.93
661.81 68.59 684.24
63.58 141.5 39.96
759.92 466.79 237.35
183.13 781.92 82.83
713.41 599.16 810.57
783.58 286.3 699.3
811.73 983.36 977.39
99.31 42.84 557.3
249.19 84.24 413.31
22.97 340.5 370.74
616.71 907.33 576.4
842.67 64.2 727.28
116.14 952.96 195.6
233.08 217.23 498.2
466.45 858.37 641.61
218.7 598.18 108.99
492.65 373.96 185.28
634.36 383.47 505.82
812.64 159.52 27.69
209.35 969.42 163.11
570.64 41.17 403.62
263.99 788.68 347.72
5.11 632.31 221.94
270.64 681.96 532.89
910.82 334.47 22.75
907.56 807.83 647.11
200.51 881.15 100.1
110.12 0.84 264.68
656.45 516.43 995.15
936.88 641.65 203.08
766.39 284.31 257.13
795.38 192.43 385.96
863.05 816.75 63.8
744.4 473.55 363.86
306.6 914.29 800.08
477.09 977.17 122.16
803.22 908.53 304.04
651.94 962.58 733.08
780.56 37.85 671.93
644.48 629.05 68.67
407.7 335.83 670.92
714.02 439.22 560.72
512.87 570.28 383.79
443.44 227.58 191.12
270.99 607.75 811.97
425.2 266.52 850.85
781.32 955.62 645.82
825.97 38.66 281.2
364.74 844.51 979.14
602.0 239.73 906.25
670.44 905.69 335.1
646.3 94.55 159.57
61.37 440.02 850.24
673.53 529.49 425.38
316.72 765.8 236.88
448.75 957.79 427.22
624.12 434.03 511.18
485.6 773.51 908.93
288.96 961.67 763.37
921.92 334.53 423.55
817.66 879.69 315.78
406.16 301.0 996.83
854.22 303.24 90.78
527.56 983.25 638.61
345.24 770.49 282.5
880.53 841.65 823.36
737.06 562.38 400.85
347.03 21.51 959.45
451.9 143.61 156.6
590.84 602.1 670.69
309.31 110.07 895.41
625.8 646.04 26.59
745.57 219.82 42.75
627.01 836.66 355.09
569.16 964.76 870.82
520.72 486.19 758.36
34.95 475.78 652.87
13.5 160.63 543.13
605.58 530.61 455.41
487.43 1.44 911.62
588.23 348.13 627.81
920.11 387.78 6.78
769.64 472.18 483.83
799.66 581.11 790.96
633.15 103.78 661.31
535.48 357.09 671.97
858.32 410.0 416.06
322.83 676.28 563.72
345.32 725.88 860.06
660.89 679.14 424.25
652.92 370.88 122.96
509.07 273.8 332.11
358.62 756.24 839.47
819.38 270.56 216.17
701.6 928.33 415.21
991.17 582.04 581.17
611.82 577.73 650.37
236.04 296.51 155.35
638.98 623.04 274.12
274.32 855.99 203.33
762.05 70.24 832.82
10.21 28.04 731.53
943.0 889.64 550.06
32.71 2.72 272.75
996.67 834.45 419.59
87.42 353.68 740.49
625.49 403.37 253.73
861.28 381.07 885.33
611.58 812.31 450.52
969.11 573.34 415.45
46.24 702.27 545.22
840.23 67.35 990.01
282.75 816.6 389.48
546.83 615.02 543.16
346.74 431.16 843.26
48.42 827.38 285.0
749.27 443.9 14.07
305.66 704.55 498.09
251.17 177.9 802.46
216.41 692.97 414.03
109.0 689.35 393.21
69.67 852.07 221.77
673.53 608.02 750.21
135.39 608.01 731.95
190.03 944.52 240.76
367.54 94.8 826.12
506.16 68.21 864.35
892.79 345.41 211.78
429.75 66.27 278.2
5.06 117.47 73.67
852.03 480.09 559.3
895.38 158.86 383.88
148.04 239.45 935.01
983.56 56.52 413.87
317.46 198.24 861.19
443.64 646.28 460.03
133.03 232.66 723.94
256.75 942.58 101.53
284.81 730.61 86.33
82.85 132.76 434.6
425.2 238.5 369.44
982.81 269.19 831.69
586.34 833.65 918.21
118.38 462.54 250.94
198.78 627.36 136.16
125.56 78.39 675.1
312.16 409.9 985.83
763.39 135.58 304.23
891.99 870.31 873.97
935.65 875.82 860.16
419.4 126.29 918.69
421.31 984.88 920.06
833.22 194.38 327.3
522.74 370.17 157.1
616.97 717.65 603.11
424.13 312.04 61.74
198.0 705.82 434.33
460.38 830.22 177.34
112.0 281.97 997.54
863.23 304.96 774.42
334.4 350.98 36.23
490.5 763.89 757.71
941.03 748.06 970.57
924.34 401.71 727.43
374.68 609.92 156.21
17.34 566.71 474.37
341.03 730.14 869.04
66.67 735.74 539.42
944.15 795.34 166.94
268.73 184.84 14.77
268.15 967.89 875.9
113.39 215.36 693.6
629.66 264.77 5.62
575.82 368.42 584.15
776.12 522.06 267.56
705.16 281.31 793.26
73.05 746.23 63.14
111.64 355.88 305.27
436.44 840.92 785.82
325.94 458.55 828.9
167.27 162.64 766.22
344.7 449.54 220.76
600.35 961.89 398.94
612.51 586.11 510.5
128.05 252.08 174.62
965.71 974.95 886.98
262.46 858.65 42.2
369.1 721.72 674.95
825.6 757.67 583.76
124.83 760.06 337.26
529.22 803.11 707.09
399.21 879.21 103.8
422.58 649.5 857.97
272.62 100.25 105.96
475.32 105.79 407.09
540.07 77.72 123.37
399.57 506.79 331.63
705.36 35.27 822.58
403.19 290.28 322.38
507.0 877.16 32.12
35.92 742.03 401.86
425.1 200.87 60.99
744.63 869.99 459.93
986.3 645.27 737.93
691.36 589.54 43.52
347.67 84.41 28.77
154.22 322.11 961.14
428.59 118.74 851.6
618.79 959.75 490.42
678.76 717.92 320.37
970.41 941.75 868.96
884.06 832.59 403.61
667.67 4.98 558.72
443.05 569.23 362.96
973.55 61.37 547.03
450.99 284.42 379.72
333.44 229.23 274.15
712.94 605.41 565.75
420.48 431.72 680.72
783.95 564.17 573.8
656.6 160.91 187.87
520.14 404.11 479.92
201.47 531.98 599.78
690.22 942.81 361.31
353.54 243.19 670.23
861.71 172.14 515.17
33.64 904.13 474.2
772.64 465.02 754.58
694.47 474.19 723.32
379.34 226.83 541.42
818.04 715.93 853.88
246.03 837.22 604.77
159.39 306.6 954.83
163.92 181.14 171.82
246.98 487.15 825.9
458.11 131.4 974.54
870.46 830.7 27.12
294.53 721.51 668.39
835.29 54.66 222.35
319.09 277.29 733.6
913.13 190.25 808.98
686.52 874.86 51.24
840.35 20.07 94.1
492.72 161.49 397.74
526.77 739.6 125.25
917.55 520.98 42.88
747.99 31.71 265.76
891.1 390.71 779.01
962.48 852.47 403.58
349.62 564.65 407.57
896.21 673.7 59.79
726.93 11.23 700.64
542.97 863.13 449.15
538.39 296.9 824.32
744.29 563.62 726.23
561.3 213.85 583.5
251.39 653.18 567.56
296.21 951.83 840.72
591.52 272.69 982.25
504.1 391.07 402.87
420.58 558.58 423.31
484.37 869.9 621.27
661.47 412.87 626.82
951.26 933.42 451.5
441.15 633.22 753.77
997.79 190.11 353.14
596.23 266.31 238.12
914.19 881.12 211.36
56.67 7.66 582.8
132.69 36.39 287.25
789.41 142.62 258.26
61.61 973.67 49.59
979.03 54.66 286.95
854.5 893.54 137.25
9.11 677.96 791.82
181.91 411.3 29.7
749.67 947.72 104.35
928.57 266.55 555.36
877.15 800.27 417.06
104.4 836.74 656.6
698.16 883.58 389.35
984.51 244.68 823.02
179.05 525.14 435.34
562.66 793.61 379.33
54.49 972.52 277.64
406.47 901.54 662.27
383.24 888.08 24.45
396.68 17.23 922.05
606.69 897.96 804.42
247.86 514.53 288.52
239.01 305.02 479.04
248.64 45.13 262.85
648.89 763.5 213.54
578.72 958.58 359.59
442.59 585.48 628.57
342.71 97.16 190.05
808.74 754.17 581.46
937.46 91.14 230.71
554.32 629.33 81.81
693.28 261.38 714.13
34.9 328.28 980.88
964.39 619.83 950.11
911.07 429.18 644.93
647.0 137.7 728.34
629.73 238.09 66.92
12.79 636.16 542.71
36.53 968.26 841.31
302.35 105.06 874.74
25.95 898.97 752.65
16.61 509.17 971.34
699.03 784.98 646.49
817.08 494.52 241.38
998.31 584.71 845.31
192.05 454.55 459.52
292.48 411.66 194.34
347.06 675.17 593.04
575.99 885.24 283.43
740.03 840.3 866.65
34.72 208.6 113.37
292.38 304.5 988.81
638.82 50.61 607.46
695.26 250.55 848.96
7.19 361.2 495.75
788.86 677.07 742.79
237.4 821.56 882.13
849.21 355.51 7.87
809.28 668.66 217.69
604.95 465.53 424.48
842.56 144.66 763.29
70.66 472.76 626.14
733.77 807.83 219.95
642.44 465.65 77.25
684.86 298.86 705.31
618.15 76.02 972.12
120.1 917.75 803.29
320.66 653.62 425.62
269.28 182.1 694.02
738.6 524.27 727.31
945.78 854.01 550.92
199.97 942.41 718.23
39.93 583.54 795.68
222.99 424.12 209.85
482.92 709.52 896.15
408.69 278.38 947.39
865.54 876.21 611.82
212.76 409.75 530.0
689.43 979.09 534.77
616.12 686.27 817.07
841.26 587.41 38.54
76.43 430.49 789.71
180.29 55.7 519.65
207.59 587.24 529.5
237.72 40.06 703.4
72.14 980.82 61.33
487.52 76.73 275.96
687.52 510.95 740.67
696.07 577.81 775.11
158.57 596.36 419.66
137.61 535.65 565.29
776.92 561.84 450.32
908.74 920.05 941.25
190.96 114.73 87.38
193.5 516.18 90.71
982.79 179.44 230.7
199.61 24.54 479.7
45.94 85.88 16.1
315.13 169.37 598.86
528.61 685.38 979.62
356.61 576.4 325.16
632.87 869.76 118.76
323.16 163.7 854.82
981.16 277.14 224.31
642.41 562.46 737.71
50.86 317.87 172.58
912.92 661.32 642.89
893.81 832.49 829.3
300.7 411.73 70.42
541.3 91.66 323.25
349.13 607.42 147.02
605.66 186.1 595.58
962.1 461.16 826.19
120.35 329.35 907.09
40.43 215.37 659.66
701.93 82.49 932.04
50.43 671.27 437.62
665.15 461.7 106.72
12.21 674.68 880.5
94.37 121.71 957.51
74.08 794.44 304.96
186.28 697.09 861.91
782.18 669.51 435.87
957.75 715.69 803.99
704.95 499.83 41.72
13.83 137.57 132.22
317.94 869.26 236.15
811.6 18.78 476.33
904.39 73.99 17.02
33.15 324.44 914.18
553.11 334.51 589.66
472.71 846.26 639.87
850.39 54.72 590.12
948.59 478.02 280.46
193.84 661.5 962.06
161.49 778.32 624.38
230.28 279.38 635.46
350.12 60.87 930.28
726.19 157.39 591.66
643.79 402.47 660.12
973.44 588.38 30.18
954.69 962.93 584.73
568.38 242.57 13.69
556.95 421.07 827.94
275.57 286.94 288.86
83.78 880.53 730.85
414.11 464.44 208.54
140.63 717.74 479.9
996.64 525.21 239.49
926.8 19.91 922.8
947.56 526.96 518.51
274.17 406.84 691.24
430.51 42.5 892.8
672.94 670.34 774.01
202.91 168.96 905.11
782.36 212.77 61.16
825.63 622.55 472.93
220.54 862.89 638.25
230.76 468.8 109.79
640.54 991.63 182.3
30.29 410.49 1.73
920.93 883.68 856.41
19.66 961.53 705.88
178.39 763.69 660.17
185.17 282.88 955.19
826.89 211.42 441.81
818.39 427.68 970.04
987.95 325.35 537.37
256.85 198.97 265.01
794.15 923.87 647.57
139.49 548.08 498.06
384.58 773.24 878.61
418.26 650.13 616.59
445.41 907.67 464.24
821.67 807.82 817.01
140.92 130.07 199.62
41.32 875.3 226.0
972.47 956.78 258.68
682.22 873.75 0.88
760.23 664.06 876.96
755.75 266.13 14.67
407.36 381.31 508.32
7.72 343.69 454.12
276.08 402.73 172.62
742.02 828.12 538.17
657.91 310.85 289.31
125.16 8.01 17.72
50.57 566.6 674.48
257.36 794.67 649.24
112.92 441.74 641.09
900.73 190.61 596.98
354.11 853.71 847.22
631.97 561.09 70.18
438.31 728.02 718.59
42.91 441.25 199.56
154.98 624.55 130.23
747.06 263.23 991.97
828.82 75.15 945.34
679.32 323.65 280.32
680.14 194.82 832.71
540.04 713.55 510.25
474.73 609.43 772.32
759.31 276.63 613.54
153.71 687.11 296.97
733.77 661.29 206.36
566.4 394.39 447.42
739.1 777.96 5.95
516.63 553.3 633.02
432.19 551.98 668.37
89.87 3.17 694.29
698.61 694.84 883.03
665.94 551.67 504.75
576.31 275.96 900.34
225.33 517.59 61.23
14.72 938.27 495.25
869.77 983.17 13.53
454.26 823.49 382.19
298.67 440.34 309.1
889.79 905.64 858.22
463.68 711.53 532.29
419.17 833.35 947.34
982.0 256.89 69.06
691.07 511.13 957.72
178.4 369.63 926.4
846.53 251.73 148.5
147.11 405.08 919.79
473.67 587.88 305.81
301.4 468.4 31.7
379.93 739.17 120.52
932.07 618.58 742.97
142.93 791.32 223.0
175.94 520.82 960.18
24.12 598.24 704.73
480.43 195.8 207.31
452.97 882.64 874.18
535.56 49.31 278.55
576.27 215.32 171.3
434.24 657.4 876.07
921.11 47.47 656.55
600.85 445.04 550.88
516.86 376.29 799.82
251.74 351.03 933.75
951.43 912.76 325.31
669.56 581.89 236.56
